0.4039253703023058 80
0.4037514519512606 80
0.40429494679827666 80
0.40438190597379914 80
0.4069037220639537 80
0.40418624782887347 80
0.403664492775738 80
0.4048601814391733 80
0.40351231421857353 80
0.406273268041415 80
0.4039036305084252 80
0.40399058968394774 80
0.40396884989006704 80
0.40372971215738 80
0.40438190597379914 80
0.40475148246977005 80
0.4043601661799185 80
0.4036210131879767 80
0.40353405401245424 80
0.40649066598022127 80
0.4037079723634993 80
0.40429494679827654 80
0.40420798762275406 80
0.4034470948369317 80
0.40664284453738586 80
0.40436016617991855 80
0.4042297274166346 80
0.4037079723634993 80
0.4041427682411122 80
0.40672980371290834 80
0.40401232947782834 80
0.40433842638603795 80
0.40386015092066374 80
0.40436016617991866 80
0.4060341303087278 80
0.40440364576767984 80
0.4037079723634993 80
0.4050558395840991 80
0.4033818754552898 80
0.40529497731678604 80
0.4124691092973976 80
0.40457756411872514 80
0.40440364576767995 80
0.40462104370648627 80
0.40538193649230875 80
0.4035340540124543 80
0.4036862325696188 80
0.4044906049432024 80
0.4038166713329026 80
0.4049254008208152 80
0.40336013566140905 80
0.40381667133290255 80
0.4039905896839476 80
0.4042514672105154 80
0.4060776098964891 80
0.4037514519512606 80
0.4032514366920058 80
0.4042514672105154 80
0.4032949162797672 80
0.4055123752555925 80
0.4040558090655896 80
0.40418624782887347 80
0.403425355043051 80
0.40420798762275406 80
0.40475148246977005 80
0.40488192123305383 80
0.4042297274166348 80
0.40405580906558963 80
0.40416450803499276 80
0.40733851794156634 80
0.40459930391260557 80
0.4032296968981252 80
0.4044036457676798 80
0.4032079571042447 80
0.40442538556156044 80
0.40427320700439595 80
0.40429494679827654 80
0.4045558243248443 80
0.40414276824111217 80
0.4064906659802213 80
0.4047297426758894 80
0.4041427682411122 80
0.4038384111267832 80
0.40431668659215736 80
0.40581673236992144 80
0.40475148246977016 80
0.40390363050842515 80
0.4040123294778284 80
0.40433842638603784 80
0.4035992733940962 80
0.4029035999899157 80
0.4035775336002156 80
0.4032731764858865 80
0.4032731764858866 80
0.4037731917451413 80
0.403425355043051 80
0.4044253855615606 80
0.40436016617991866 80
0.40305577854708 80
0.40479496205753135 80
0.4225128940702536 75
0.42688259264026235 75
0.42901309244056524 75
0.4239477204663758 75
0.42362162355816624 75
0.42399120005413715 75
0.42309986850503095 75
0.42640431717488836 75
0.4235998837642857 75
0.4266434549075754 75
0.42338248582547916 75
0.43129577079803244 75
0.42729564872399456 75
0.42716520996071067 75
0.42412163881742115 75
0.423208567474434 75
0.4324262400798258 75
0.4235781439704049 75
0.44318743805074307 75
0.42649127635041095 75
0.42399120005413726 75
0.4236433633520469 75
0.42401293984801786 75
0.42340422561935986 75
0.42403467964189845 75
0.4375133518478957 75
0.4325131992553484 75
0.42394772046637597 75
0.42314334809279214 75
0.42329552664995673 75
0.43979603020536295 75
0.4217737410783119 75
0.42366510314592754 75
0.42399120005413715 75
0.4231868276805534 75
0.4362524438028185 75
0.4267086742892173 75
0.4228824705662245 75
0.42296942974174706 75
0.42270855221517933 75
0.42303464912338884 75
0.42355640417652435 75
0.43164360750012276 75
0.42281725118458263 75
0.4325566788431096 75
0.42312160829891154 75
0.43188274523280973 75
0.4253173274808564 75
0.42342596541324046 75
0.4240781592296596 75
0.42455643469503385 75
0.4297957250202682 75
0.4237955419092114 75
0.42364336335204694 75
0.42323030726831473 75
0.4229042103601051 75
0.42316508788667273 75
0.43016530151623916 75
0.4226215930396568 75
0.423208567474434 75
0.4240129398480178 75
0.4228607307723438 75
0.42296942974174695 75
0.42590430191563355 75
0.4235129245887631 75
0.42523036830533373 75
0.4231216082989116 75
0.43766553040506023 75
0.42316508788667284 75
0.42399120005413715 75
0.4240346796418984 75
0.43153490853071946 75
0.42420859799294347 75
0.4237303225275695 75
0.42320856747443397 75
0.42492601119100465 75
0.423273786856076 75
0.42366510314592754 75
0.42333900623771786 75
0.423273786856076 75
0.42344770520712116 75
0.4229042103601051 75
0.4236868429398083 75
0.42327378685607614 75
0.43012182192847787 75
0.4237955419092114 75
0.42301290932950836 75
0.42303464912338895 75
0.43183926564504854 75
0.4244259959317499 75
0.4246433938705564 75
0.4390568772134213 75
0.4235998837642856 75
0.423512924588763 75
0.4228389909784632 75
0.43370888791878354 75
0.42394772046637585 75
0.4389916578317794 75
0.42390424087861467 75
0.4244477357256306 75
0.4663185787397447 70
0.46281847192496156 70
0.46410111976391927 70
0.46344892594750026 70
0.4641011197639193 70
0.4640141605883969 70
0.46414459935168073 70
0.4636228442985454 70
0.4641011197639195 70
0.46357936471078415 70
0.46384024223735176 70
0.46527506863347406 70
0.4636663238863067 70
0.4631445688331713 70
0.4640359003822775 70
0.4641663391455612 70
0.4639272014128743 70
0.46649249709079 70
0.4638185024434711 70
0.4628836913066036 70
0.46360110450466463 70
0.4637750228557099 70
0.4640141605883969 70
0.46544898698451925 70
0.46338370656585826 70
0.4637315432679486 70
0.4635358851230228 70
0.46397068100063554 70
0.4635793647107841 70
0.4627315127494391 70
0.46510115028242893 70
0.4632097882148132 70
0.4561660949974856 70
0.463035869863768 70
0.4648837523436225 70
0.4642532983210841 70
0.4632967473903358 70
0.4634489259475002 70
0.4631663086270519 70
0.4640576401761582 70
0.46570986451108676 70
0.46297065048212616 70
0.46290543110048415 70
0.46338370656585826 70
0.4642315585272033 70
0.4642098187333227 70
0.4662750991519835 70
0.4631445688331712 70
0.4641445993516808 70
0.463579364710784 70
0.4633184871842163 70
0.46310108924541 70
0.465579425747803 70
0.4634924055352615 70
0.4636663238863066 70
0.4637750228557098 70
0.4631445688331712 70
0.4631880484209326 70
0.465644645129445 70
0.46349240553526155 70
0.4631663086270519 70
0.46303586986376816 70
0.46457939522929353 70
0.4642315585272033 70
0.46531854822123525 70
0.464557655435413 70
0.46327500759645507 70
0.463644584092426 70
0.46351414532914215 70
0.46351414532914215 70
0.4660577012131771 70
0.4633402269780969 70
0.4638402422373517 70
0.4636228442985453 70
0.4636663238863065 70
0.4641445993516808 70
0.46638379812138675 70
0.4638185024434711 70
0.46347066574138085 70
0.4632315280086939 70
0.463275007596455 70
0.46414459935168084 70
0.46588378286213195 70
0.46379676264959047 70
0.4634924055352615 70
0.46277499233720043 70
0.4637315432679485 70
0.4637532830618293 70
0.4633184871842163 70
0.4629271708943649 70
0.4636880636801872 70
0.4641228595578001 70
0.46351414532914226 70
0.4645576554354129 70
0.4628184719249617 70
0.4636663238863067 70
0.4627532525433197 70
0.4635793647107841 70
0.46290543110048415 70
0.4636445840924259 70
0.4829277812645543 65
0.4829712608523156 65
0.4831886587911221 65
0.4834712761115703 65
0.4853191585914249 65
0.4831451792033608 65
0.4836669342564961 65
0.4837538934320187 65
0.4836669342564961 65
0.4828190822951512 65
0.48658006663650194 65
0.48297126085231573 65
0.4832103985850026 65
0.4831886587911221 65
0.4836669342564961 65
0.4830364802339575 65
0.4847974035382894 65
0.48438434745455733 65
0.4829060414706737 65
0.48255820476858347 65
0.4836017148748542 65
0.48375389343201863 65
0.48512350044649905 65
0.4823625466236577 65
0.48373215363813815 65
0.48347127611157026 65
0.4832103985850027 65
0.4834495363176897 65
0.48660180643038264 65
0.48458000559948305 65
0.4832756179666446 65
0.4830582200278382 65
0.4829277812645543 65
0.48347127611157037 65
0.4858843932323214 65
0.4834712761115705 65
0.4833190975544059 65
0.4836451944626155 65
0.4831886587911221 65
0.4846669647750057 65
0.4852321994159023 65
0.48379737301978 65
0.4832103985850026 65
0.4831451792033607 65
0.4830799598217188 65
0.48377563322589934 65
0.4857756942629183 65
0.4834060567299284 65
0.48316691899724157 65
0.48373215363813804 65
0.4833843169360479 65
0.4830799598217188 65
0.4852974187975441 65
0.4835364954932123 65
0.48386259240142193 65
0.48412346992798955 65
0.48347127611157037 65
0.4833190975544059 65
0.4867757247814277 65
0.4839278117830639 65
0.4832103985850027 65
0.483014740440077 65
0.4834712761115703 65
0.4838408526075412 65
0.48597135240784406 65
0.48360171487485426 65
0.48442782704231846 65
0.48434086786679587 65
0.4831016996155995 65
0.48373215363813804 65
0.4839930311647058 65
0.4836669342564961 65
0.4831451792033607 65
0.4838843321953026 65
0.48368867405037674 65
0.4833843169360477 65
0.4857104748812764 65
0.4838408526075412 65
0.48423216889739285 65
0.4834277965238091 65
0.4837973730197799 65
0.4834277965238091 65
0.48694964313247285 65
0.48294952105843497 65
0.48331909755440583 65
0.48366693425649604 65
0.48418868930963155 65
0.4833408373482864 65
0.48597135240784406 65
0.4837321536381381 65
0.48351475569933167 65
0.48360171487485426 65
0.48357997508097345 65
0.4827103833257479 65
0.48397129137082506 65
0.4835364954932122 65
0.483427796523809 65
0.4844495668361992 65
0.48364519446261556 65
0.4853626381791862 65
0.5050154118472854 60
0.5034936262756404 60
0.5025153355510117 60
0.50279795287146 60
0.5046023557635532 60
0.5033631875123566 60
0.5036240650389245 60
0.5037979833899696 60
0.5029936110163858 60
0.5027327334898181 60
0.5036240650389244 60
0.5027762130775794 60
0.5036892844205664 60
0.5033197079245955 60
0.5038197231838502 60
0.5025153355510117 60
0.5052328097860918 60
0.5111242939277454 60
0.5028196926653408 60
0.5039284221532533 60
0.5029936110163857 60
0.5039719017410147 60
0.5059719627780336 60
0.5034936262756406 60
0.5037762435960887 60
0.5027979528714601 60
0.5033849273062373 60
0.5035153660695212 60
0.5050806312289273 60
0.5029283916347438 60
0.5035805854511632 60
0.5035588456572825 60
0.5028849120469825 60
0.5033414477184761 60
0.5057980444269885 60
0.5047545343207176 60
0.5037979833899695 60
0.5029066518408633 60
0.5031675293674308 60
0.5040371211226565 60
0.505645865869824 60
0.5038197231838503 60
0.5030805701919084 60
0.5033197079245953 60
0.5030588303980277 60
0.5038849425654921 60
0.5067763351516174 60
0.5031457895735504 60
0.5041023405042984 60
0.5028414324592212 60
0.5033197079245953 60
0.5033849273062373 60
0.5054719475187788 60
0.5022109784366827 60
0.5028849120469826 60
0.5032327487490729 60
0.5029283916347438 60
0.5024501161693697 60
0.5066458963883335 60
0.5033197079245953 60
0.5034718864817599 60
0.5041023405042985 60
0.503037090604147 60
0.5033197079245955 60
0.5056023862820627 60
0.5041675598859403 60
0.5043197384431048 60
0.503341447718476 60
0.5035153660695212 60
0.5036240650389242 60
0.5054284679310176 60
0.5036458048328051 60
0.5037545038022083 60
0.5027109936959374 60
0.503102309985789 60
0.502428376375489 60
0.5056023862820628 60
0.5030588303980277 60
0.5032327487490729 60
0.5034718864817599 60
0.5041892996798211 60
0.5106677582562521 60
0.505102371022808 60
0.5029283916347439 60
0.5036675446266858 60
0.5031892691613116 60
0.5029936110163858 60
0.503341447718476 60
0.505276289373853 60
0.5040806007104178 60
0.5037545038022082 60
0.5031457895735503 60
0.5034501466878794 60
0.5037110242144469 60
0.5047327945268371 60
0.5031023099857889 60
0.5029936110163858 60
0.5028849120469825 60
0.5037110242144469 60
0.5025805549326536 60
0.5492558923943893 55
0.5431252705200488 55
0.5421687195893005 55
0.5425382960852714 55
0.5492776321882701 55
0.541951321650494 55
0.5423208981464651 55
0.5460601426939352 55
0.5417339237116877 55
0.5447340152672161 55
0.550125484149615 55
0.5427339542301972 55
0.5418643624749715 55
0.5459297039306513 55
0.5492124128066281 55
0.5449948927937838 55
0.5428861327873618 55
0.5475601884716994 55
0.5429730919628842 55
0.5418861022688521 55
0.5419948012382555 55
0.5436905051609454 55
0.5419513216504941 55
0.5421687195893005 55
0.5479732445554315 55
0.5505820198211084 55
0.5425600358791521 55
0.5436905051609454 55
0.5491689332188668 55
0.5425382960852714 55
0.5421035002076586 55
0.5479949843493123 55
0.5612562586165033 55
0.5437557245425874 55
0.5424295971158681 55
0.5427122144363165 55
0.5432557092833326 55
0.5427774338179584 55
0.5529951369418596 55
0.5445166173284097 55
0.5417556635055684 55
0.5426035154669133 55
0.5446253162978129 55
0.5422121991770618 55
0.5426904746424359 55
0.5524951216826048 55
0.5532342746745467 55
0.5539734276664885 55
0.5419513216504942 55
0.5419730614443747 55
0.5429730919628841 55
0.5479080251737897 55
0.5419295818566134 55
0.559690993457097 55
0.5419730614443747 55
0.5422121991770618 55
0.5514950911640955 55
0.5443644387712452 55
0.541777403299449 55
0.5427339542301971 55
0.5441253010385582 55
0.5495385097148378 55
0.5414947859790005 55
0.5487776169290154 55
0.542929612375123 55
0.549408070951554 55
0.5413643472157168 55
0.5580822487099296 55
0.5543864837502206 55
0.5450818519693064 55
0.542690474642436 55
0.5498646066230474 55
0.5488428363106571 55
0.5499515657985699 55
0.5581474680915715 55
0.5465384181593094 55
0.5452992499081127 55
0.5424513369097489 55
0.5497559076536441 55
0.5421252400015392 55
0.5490384944555831 55
0.5522559839499178 55
0.5540169072542498 55
0.5504081014700635 55
0.5441687806263193 55
0.5424948164975101 55
0.5426469950546746 55
0.546429719189906 55
0.5503428820884215 55
0.5576257130384361 55
0.5418861022688521 55
0.5465818977470706 55
0.542016541032136 55
0.5607345035633678 55
0.5430165715506454 55
0.5542777847808175 55
0.5451905509387097 55
0.5420165410321359 55
0.5456036070224418 55
0.5466688569225933 55
0.6010835610058369 50
0.6014966170895691 50
0.6024966476080786 50
0.6015400966773303 50
0.6011705201813595 50
0.6006052855404629 50
0.6012792191507628 50
0.6017140150283755 50
0.6027140455468851 50
0.6010835610058369 50
0.6013009589446433 50
0.6014966170895691 50
0.6006705049221048 50
0.600909642654792 50
0.6036271168898719 50
0.601627055852853 50
0.6008444232731499 50
0.6011922599752403 50
0.6015618364712111 50
0.6018009742038981 50
0.6034749383327075 50
0.6003661478077758 50
0.601257479356882 50
0.6005835457465822 50
0.6016487956467337 50
0.6022140302876303 50
0.6030401424550946 50
0.6008661630670304 50
0.6012139997691208 50
0.6014748772956885 50
0.6017357548222562 50
0.6005835457465822 50
0.6042793107062912 50
0.6013009589446433 50
0.6006052855404629 50
0.600909642654792 50
0.6005183263649403 50
0.6012574793568821 50
0.6038010352409172 50
0.60017048966285 50
0.6013661783262853 50
0.6019531527610628 50
0.602170550699869 50
0.6010400814180757 50
0.6033010199816623 50
0.6009966018303143 50
0.6009748620364338 50
0.6005183263649403 50
0.6013661783262854 50
0.6018009742038981 50
0.6025401271958399 50
0.600909642654792 50
0.6012574793568821 50
0.6007574640976273 50
0.5883005622040202 50
0.6018009742038981 50
0.6042358311185299 50
0.6011053007997177 50
0.601453137501808 50
0.6010618212119564 50
0.6012357395630015 50
0.6009966018303146 50
0.6041271321491267 50
0.6011705201813595 50
0.6013009589446433 50
0.6013444385324046 50
0.602409688432556 50
0.6013444385324046 50
0.6047575861716652 50
0.6015400966773303 50
0.6016053160589724 50
0.6011270405935982 50
0.6005618059527016 50
0.6014096579140464 50
0.6036271168898719 50
0.6012357395630016 50
0.6013444385324046 50
0.60084442327315 50
0.6011705201813596 50
0.6008879028609112 50
0.6035184179204687 50
0.6008661630670306 50
0.6009966018303144 50
0.6017140150283755 50
0.601387918120166 50
0.6010835610058369 50
0.6029097036918107 50
0.6010183416241951 50
0.6016705354406142 50
0.6018009742038981 50
0.6008661630670306 50
0.6015183568834498 50
0.6030401424550946 50
0.601453137501808 50
0.6013009589446433 50
0.6010400814180757 50
0.6006487651282242 50
0.6017574946161369 50
0.6035184179204687 50
0.6014313977079272 50
0.6599331830407317 45
0.660694075826554 45
0.6628245756268568 45
0.661063652322525 45
0.660694075826554 45
0.6598679636590896 45
0.660454938093867 45
0.66021580036118 45
0.662085422634915 45
0.6600853615978961 45
0.6612810502613314 45
0.6614332288184958 45
0.6606723360326735 45
0.6603462391244639 45
0.6613245298490927 45
0.6609984329408831 45
0.6596505657202834 45
0.6023009894631529 45
0.6603027595367025 45
0.6601288411856575 45
0.6616288869634217 45
0.6605853768571507 45
0.650345933939369 45
0.6641724428474565 45
0.6027575251346464 45
0.6606505962387927 45
0.6624332593370054 45
0.6609984329408831 45
0.6603679789183444 45
0.6527373112662397 45
0.6601505809795382 45
0.6601071013917768 45
0.6623028205737215 45
0.6603462391244638 45
0.6611723512919282 45
0.6606288564449122 45
0.6602592799489413 45
0.6609549533531218 45
0.6624984787186472 45
0.6602375401550605 45
0.6606071166510314 45
0.6598897034529704 45
0.6601723207734187 45
0.6607375554143153 45
0.662520218512528 45
0.6604766778877478 45
0.6611288717041668 45
0.6597592646896865 45
0.6601940605672993 45
0.6607375554143154 45
0.6613245298490927 45
0.6601288411856574 45
0.6603679789183444 45
0.6604331982999864 45
0.6603244993305833 45
0.660520157475509 45
0.6623897797492441 45
0.6601071013917769 45
0.6603679789183444 45
0.6602810197428219 45
0.6604331982999865 45
0.6610853921164057 45
0.6614984482001378 45
0.6604984176816283 45
0.660694075826554 45
0.6606288564449121 45
0.6605636370632701 45
0.6616723665511828 45
0.6621289022226763 45
0.6601071013917769 45
0.6607158156204347 45
0.6600636218040156 45
0.659911443246851 45
0.6600636218040156 45
0.6621723818104376 45
0.660759295208196 45
0.660150580979538 45
0.6604331982999863 45
0.6608245145898379 45
0.6602158003611798 45
0.6617375859328248 45
0.6608027747959573 45
0.6601723207734188 45
0.660520157475509 45
0.6603462391244638 45
0.6602592799489413 45
0.6616941063450635 45
0.6522590358008654 45
0.6592157698426704 45
0.659911443246851 45
0.6601288411856573 45
0.6601071013917768 45
0.6616288869634217 45
0.6609332135592411 45
0.6593679483998348 45
0.6597375248958058 45
0.6608027747959574 45
0.659976662628493 45
0.6623245603676022 45
0.6602592799489412 45
0.7452401342283659 40
0.7450227362895595 40
0.7440661853588114 40
0.7444140220609015 40
0.744587940411947 40
0.744892297526276 40
0.7444792414425436 40
0.746696700418369 40
0.7450662158773208 40
0.7447401189691113 40
0.7442183639159761 40
0.744631419999708 40
0.7443270628853792 40
0.747957608463446 40
0.7448488179385144 40
0.7451749148467239 40
0.7443270628853792 40
0.7450444760834403 40
0.7449575169079176 40
0.7468706187694142 40
0.744587940411947 40
0.7446096802058275 40
0.7450444760834403 40
0.7446096802058275 40
0.7442618435037373 40
0.7467401800061302 40
0.7448270781446339 40
0.7441748843282145 40
0.7450227362895595 40
0.7446096802058275 40
0.744631419999708 40
0.7461749453652335 40
0.7450227362895596 40
0.744457501648663 40
0.7445009812364242 40
0.744631419999708 40
0.7456749301059789 40
0.7465880014489659 40
0.7445227210303047 40
0.7441748843282149 40
0.745000996495679 40
0.7444357618547824 40
0.7440444455649309 40
0.7461966851591143 40
0.7442835832976179 40
0.7445444608241855 40
0.7440661853588114 40
0.7449575169079176 40
0.7446531597935886 40
0.7473054146470268 40
0.7443705424731405 40
0.7447401189691112 40
0.7449140373201566 40
0.7450662158773208 40
0.7445662006180661 40
0.7467836595938917 40
0.7441966241220951 40
0.7445227210303047 40
0.7449792567017982 40
0.7440879251526921 40
0.7451096954650822 40
0.7465880014489656 40
0.7443488026792598 40
0.7448488179385145 40
0.7436531292750791 40
0.7443922822670209 40
0.7436966088628406 40
0.7471097565021011 40
0.7443053230914984 40
0.7451531750528434 40
0.745479271961053 40
0.7438922670077663 40
0.7442401037098566 40
0.7475010727919527 40
0.7445662006180662 40
0.7441096649465725 40
0.7446096802058275 40
0.7446531597935887 40
0.7445444608241856 40
0.7467401800061302 40
0.7448270781446338 40
0.7446748995874694 40
0.7453270934038886 40
0.7439140068016469 40
0.7437618282444823 40
0.7466749606244882 40
0.7442183639159758 40
0.7440661853588115 40
0.7449140373201564 40
0.7452618740222468 40
0.7450879556712013 40
0.7459140678386658 40
0.7443705424731404 40
0.7455010117549337 40
0.7447183791752306 40
0.7450879556712016 40
0.7446531597935886 40
0.7472401952653849 40
0.7443705424731404 40
0.7437835680383631 40
0.8224598820924021 35
0.8220468260086699 35
0.8218729076576249 35
0.8225251014740442 35
0.8230033769394182 35
0.8225251014740441 35
0.8218294280698635 35
0.8218511678637441 35
0.8215902903371763 35
0.8213511526044897 35
0.821307673016728 35
0.8226338004434474 35
0.8222424841535959 35
0.8214598515738926 35
0.8220033464209087 35
0.821742468894341 35
0.8224598820924021 35
0.8221337851841923 35
0.8237425299313601 35
0.8217859484821023 35
0.8220468260086702 35
0.8226772800312088 35
0.8223294433291184 35
0.8219816066270281 35
0.8234816524047923 35
0.8226555402373279 35
0.8221990045658344 35
0.8216772495126992 35
0.8215902903371767 35
0.8223729229168797 35
0.824177325808973 35
0.8212207138412057 35
0.82272075961897 35
0.8219381270392667 35
0.8212207138412058 35
0.8224816218862828 35
0.8217424688943409 35
0.8217207291004606 35
0.8218294280698634 35
0.8220903055964313 35
0.821742468894341 35
0.8228511983822537 35
0.8220033464209087 35
0.8216555097188183 35
0.8223946627107601 35
0.8217859484821024 35
0.8308949221180907 35
0.8249382185947952 35
0.822416402504641 35
0.8224381422985215 35
0.8229598973516569 35
0.8219598668331476 35
0.8213511526044897 35
0.82374252993136 35
0.8236120911680763 35
0.8217207291004603 35
0.8217207291004603 35
0.8218946474515055 35
0.8216989893065798 35
0.8250903971519596 35
0.8223077035352376 35
0.8219381270392665 35
0.8219163872453862 35
0.8228946779700148 35
0.8215685505432956 35
0.8238947084885244 35
0.8221555249780732 35
0.8228077187944924 35
0.8221555249780733 35
0.8222424841535958 35
0.8220903055964313 35
0.824459943129421 35
0.8217642086882218 35
0.8218076882759832 35
0.8221555249780733 35
0.8220685658025506 35
0.8215033311616537 35
0.8244816829233016 35
0.8219163872453862 35
0.8221555249780732 35
0.8218076882759828 35
0.8213728923983702 35
0.8219598668331473 35
0.8246121216865857 35
0.821633769924938 35
0.8218946474515054 35
0.8231120759088213 35
0.821872907657625 35
0.8218511678637441 35
0.8233729534353891 35
0.822351183122999 35
0.822416402504641 35
0.8222859637413571 35
0.8218946474515055 35
0.8244816829233017 35
0.8188510763082156 35
0.8198511068267251 35
0.8228077187944925 35
0.8223077035352376 35
0.8217424688943412 35
0.9577248796177491 30
0.9578553183810329 30
0.9605075732344711 30
0.9577683592055106 30
0.9502681303166893 30
0.958464032609691 30
0.957855318381033 30
0.9579640173504361 30
0.9593336243649166 30
0.9582248948770038 30
0.95809445611372 30
0.9583988132280491 30
0.957855318381033 30
0.9574640020911814 30
0.9601814763262615 30
0.9582466346708844 30
0.9572466041523751 30
0.9577248796177491 30
0.9578770581749135 30
0.9568118082747622 30
0.9594640631282002 30
0.9570726858013299 30
0.9571379051829719 30
0.957377042915659 30
0.9575944408544652 30
0.9578118387932717 30
0.9596379814792455 30
0.9582466346708847 30
0.9576379204422266 30
0.9582248948770038 30
0.9578553183810329 30
0.9580074969381974 30
0.9612684660202935 30
0.9579422775565555 30
0.9577683592055103 30
0.9578553183810329 30
0.9580727163198393 30
0.9585075121974521 30
0.9601597365323811 30
0.9582466346708844 30
0.9574422622973009 30
0.95742052250342 30
0.9578553183810332 30
0.9496376762941507 30
0.9598553794180519 30
0.9583770734341681 30
0.9573770429156587 30
0.9578118387932715 30
0.9574640020911814 30
0.9582031550831233 30
0.9592031856016326 30
0.957616180648346 30
0.9538334565131146 30
0.9581379357014812 30
0.9575509612667039 30
0.9571379051829719 30
0.9593118845710358 30
0.9581596754953619 30
0.9584857724035716 30
0.9583770734341683 30
0.9579857571443167 30
0.9581596754953619 30
0.9600292977690971 30
0.9570944255952104 30
0.9578987979687943 30
0.9576814000299877 30
0.9582248948770038 30
0.9579205377626749 30
0.9595727620976036 30
0.9574205225034202 30
0.9576161806483462 30
0.9588988284873037 30
0.9578770581749135 30
0.9576161806483457 30
0.9591597060138713 30
0.9573553031217783 30
0.9578770581749135 30
0.9573770429156588 30
0.9582901142586459 30
0.9581596754953619 30
0.9597466804486485 30
0.9578118387932717 30
0.9581596754953619 30
0.9577683592055103 30
0.9584857724035715 30
0.9575074816789426 30
0.9597032008608875 30
0.9579857571443169 30
0.9575074816789425 30
0.9580727163198393 30
0.9581161959076007 30
0.9589423080750651 30
0.9605293130283515 30
0.9586596907546164 30
0.9578118387932718 30
0.9578335785871523 30
0.9574640020911814 30
0.958333593846407 30
0.9600075579752163 30
0.9582683744647652 30
1.113947038444034 25
1.1167297320607559 25
1.1146209720543339 25
1.1146644516420952 25
1.1143818343216467 25
1.1141426965889596 25
1.1148601097870208 25
1.1171862677322493 25
1.1147731506114982 25
1.114534012878811 25
1.1147731506114982 25
1.1143166149400048 25
1.1148166301992593 25
1.1168384310301591 25
1.1132948446276145 25
1.1146209720543336 25
1.1146861914359756 25
1.1153818648401561 25
1.1142296557644824 25
1.1162731963892623 25
1.11449053329105 25
1.113642681329705 25
1.1140557374134372 25
1.1101860541026831 25
1.1143818343216467 25
1.1164036351525461 25
1.1144470537032887 25
1.1149470689625431 25
1.114664451642095 25
1.114903589374782 25
1.115251426076872 25
1.1162297168015012 25
1.1141426965889596 25
1.1144905332910497 25
1.114120956795079 25
1.1140122578256757 25
1.1136644211235858 25
1.1163384157709044 25
1.1137296405052275 25
1.1134252833908984 25
1.1147079312298565 25
1.1140557374134372 25
1.1150557679319466 25
1.1166427728852333 25
1.1145774924665726 25
1.1153383852523946 25
1.1145774924665726 25
1.1140774772073176 25
1.1140122578256757 25
1.1169906095873237 25
1.1145774924665723 25
1.1152079464891107 25
1.1148166301992593 25
1.1065120289368546 25
1.1140774772073174 25
1.1169253902056815 25
1.1146427118482143 25
1.1127948293683598 25
1.1146427118482143 25
1.1067729064634224 25
1.1138600792685112 25
1.110120834721041 25
1.1146209720543339 25
1.1138818190623918 25
1.1138383394746307 25
1.115077507725827 25
1.1030119221220718 25
1.1168166912362782 25
1.1103382326598474 25
1.1141861761767209 25
1.1147731506114982 25
1.1149253291686627 25
1.1145122730849304 25
1.1158818800994108 25
1.1144905332910497 25
1.1119469774070148 25
1.114425313909408 25
1.1153601250462755 25
1.1145340128788113 25
1.116468854534188 25
1.105816355532674 25
1.1147948904053788 25
1.115142727107469 25
1.1145340128788113 25
1.1148383699931401 25
1.1159688392749334 25
1.1067076870817805 25
1.1149253291686625 25
1.1148383699931401 25
1.1140339976195563 25
1.1148166301992593 25
1.116229716801501 25
1.1145340128788113 25
1.1059902738837195 25
1.1144035741155272 25
1.1147948904053786 25
1.1147514108176175 25
1.1162731963892625 25
1.1144253139094078 25
1.1137948598868694 25
1.3391495632535917 20
1.334279849424328 20
1.3330406811731315 20
1.332779803646564 20
1.339736537688369 20
1.3322580485934288 20
1.3334102576691025 20
1.3459975983259935 20
1.3327363240588028 20
1.3325841455016378 20
1.3370408032471695 20
1.3323667475628316 20
1.3331059005547734 20
1.3356059768510473 20
1.332584145501638 20
1.3323450077689512 20
1.3329972015853704 20
1.3333667780813412 20
1.3323450077689512 20
1.3418452976947912 20
1.3322145690056675 20
1.3320841302423834 20
1.338345190880008 20
1.3327580638526833 20
1.332410227150593 20
1.347845480805848 20
1.3319754312729801 20
1.3371929818043342 20
1.3326928444710413 20
1.333127640348654 20
1.337497338918663 20
1.3344320279814925 20
1.3323232679750705 20
1.3315188956014867 20
1.3322580485934288 20
1.3324319669444737 20
1.3366712267511986 20
1.3343668085998506 20
1.3395408795434434 20
1.3400843743904591 20
1.3329319822037282 20
1.334714645301941 20
1.3384756296432918 20
1.3352146605611956 20
1.3432801240909134 20
1.3395843591312044 20
1.3322145690056673 20
1.3315841149831287 20
1.3326928444710417 20
1.334823344271344 20
1.3328232832343254 20
1.3326276250893994 20
1.3324319669444733 20
1.3326276250893994 20
1.3324537067383544 20
1.3340407116916408 20
1.332540665913877 20
1.331997171066861 20
1.3328015434404445 20
1.3369103644838858 20
1.3404322110925495 20
1.3408452671762816 20
1.3405409100619528 20
1.3325406659138768 20
1.3324537067383544 20
1.3317797731280543 20
1.3318232527158158 20
1.3337580943711926 20
1.3382147521167242 20
1.3324319669444737 20
1.3322580485934288 20
1.3408670069701625 20
1.332888502615967 20
1.3422366139846427 20
1.3333015586996992 20
1.3636720507509543 20
1.332040650654622 20
1.3474759043098772 20
1.3330624209670123 20
1.3347146453019412 20
1.3393452213985175 20
1.3325841455016383 20
1.3328015434404445 20
1.3319971710668608 20
1.3396930581006077 20
1.3344755075692538 20
1.3326928444710413 20
1.3325189261199963 20
1.3326058852955187 20
1.3378886552085145 20
1.3335841760201477 20
1.3423887925418072 20
1.3389973846964274 20
1.337258201185976 20
1.3400191550088174 20
1.3326058852955187 20
1.3320406506546223 20
1.3349103034468668 20
1.332040650654622 20
1.3321928292117866 20
1.7454663108827675 15
1.7442488824254518 15
1.7473359331565026 15
1.7450967343867965 15
1.7398791838554433 15
1.7458793669665 15
1.7442054028376908 15
1.7457054486154546 15
1.7477272494463545 15
1.744661938509184 15
1.7448141170663485 15
1.7458358873787383 15
1.744596719127542 15
1.7454228312950069 15
1.7457706679970968 15
1.7453358721194838 15
1.7456837088215742 15
1.7455967496460516 15
1.7455097904705292 15
1.7454880506766486 15
1.746422861813516 15
1.7450315150051547 15
1.7458793669665 15
1.7456402292338131 15
1.7446836783030644 15
1.7450315150051545 15
1.746792438309487 15
1.7456619690276935 15
1.7460098057297835 15
1.7451619537684386 15
1.7452271731500812 15
1.7454880506766486 15
1.7475968106830706 15
1.7452271731500806 15
1.7457924077909772 15
1.7451619537684393 15
1.7453141323256032 15
1.7454880506766486 15
1.7481620453239672 15
1.7454228312950064 15
1.7454445710888868 15
1.7459445863481418 15
1.7455315302644099 15
1.745074994592916 15
1.7470533158360546 15
1.7454445710888868 15
1.7455750098521705 15
1.7456184894399325 15
1.7456837088215742 15
1.7456402292338133 15
1.746944616866651 15
1.7451836935623195 15
1.7458141475848579 15
1.7455750098521707 15
1.745575009852171 15
1.7452054333562004 15
1.7464228618135162 15
1.7451184741806776 15
1.7447488976847068 15
1.7452489129439617 15
1.7456184894399325 15
1.7455315302644099 15
1.7470315760421742 15
1.745618489439932 15
1.7456837088215738 15
1.7454445710888873 15
1.7457271884093355 15
1.745140213974558 15
1.7472272341870996 15
1.745096734386797 15
1.7457924077909772 15
1.745944586348142 15
1.7458793669664998 15
1.7454880506766486 15
1.7474663719197867 15
1.7445314997459005 15
1.7458141475848579 15
1.7457489282032166 15
1.7451619537684386 15
1.7451184741806776 15
1.7475315913014284 15
1.7449445558296324 15
1.7452054333562004 15
1.7452054333562 15
1.7454880506766486 15
1.7451619537684386 15
1.747683769858593 15
1.7457489282032161 15
1.7453141323256034 15
1.7454228312950064 15
1.745140213974558 15
1.745096734386797 15
1.7481403055300868 15
1.7449880354173937 15
1.746053285317545 15
1.7455532700582903 15
1.7461402444930676 15
1.7457924077909777 15
1.7468359178972481 15
1.7454445710888873 15
